1.9 6
0.13 0.01 0.19 0.268752 -0.105624 0.134376 
5
-0.035624 0.1 0.18 -0.09 0.014376 
6
-0.12 0.03 -0.030865 0.09 -0.00562399 -0.01 
5
0.00437601 -0.16 -0.08 -0.1 0.174376 
6
0.16 -0.041248 -0.065624 0.183511 -0.15 -0.1 
5
0.234376 -0.15 0.07 0.114376 0.08 
5
0.243511 0.2 0.179135 0.064376 0.254376 
6
0.15 0.02 0.04 -0.02 0.14 -0.125624 
5
0.148752 -0.010865 -0.01 0.234376 0.15 
6
0.084376 0.084376 0.254376 0.07 -0.07 -0.105624 
5
0.15 0.2 0.07 0.304376 -0.09 
6
0.14 0.15 0.259135 0.083511 0.134376 0.198752 
6
-0.03 -0.03 0.283511 -0.075624 -0.085624 0.073511 
5
0 0.18 0.06 -0.115624 -0.14 
6
-0.1 0.003511 -0.11 0.264376 0.119135 -0.065624 
5
0.119135 -0.075624 0.054376 0.04 0.009135 
6
-0.1 0.14 0.05 0.14 0.168752 0.134376 
5
-0.09 0.07 0.158752 0.16 -0.085624 
5
0.133511 -0.13 -0.016489 -0.085624 0.133511 
6
0.313511 0.233511 0.13 -0.06 -0.15 -0.055624 
5
0.124376 -0.011248 -0.115624 0.18 0.14 
6
-0.045624 0.11 0.024376 0.05 0.164376 -0.11 
5
-0.07 0.04 0.2 0.25 -0.115624 
6
0.094376 0.05 0.28 0.1 -0.00562399 -0.02 
6
0.27 0.113511 0.18 -0.1 0.04 0.15 
5
0.04 0.12 -0.070865 -0.055624 0.2 
6
-0.1 0.058752 -0.14 0.054376 -0.19 0.034376 
5
-0.090865 0.19 0.254376 0.024376 0.16 
6
0.22 0.1 -0.125624 0.064376 0.013511 0.308752 
5
0.01 0.12 -0.04 -0.04 0.04 
5
-0.02 0.01 -0.085624 0.01 -0.065624 
6
0.284376 0.034376 0.04 0.22 0.184376 -0.075624 
5
-0.04 -0.006489 0.009135 0.153511 0.11 
6
0.053511 0.124376 -0.085624 -0.095624 0.148752 0.11 
5
0 -0.07 -0.02 0.074376 0.094376 
6
0.2 0.18 -0.07 0.044376 -0.09 0.224376 
9
0.1 0.074376 -0.08 0.15 0.2 0.16 0.2 0.214376 -0.17 
9
-0.19 -0.025624 0.08 0.189135 0.174376 0.25 0.05 -0.085624 -0.02 
9
-0.04 0.264376 0.07 0.094376 -0.105624 0.003511 0.00437601 0.028752 -0.13 
9
0.089135 0.15 0.05 0.07 0.084376 -0.05 0.19 0.064376 0.079135 
9
0.204376 -0.04 0.034376 -0.14 0.02 0.09 0.218752 -0.05 0.09 
9
0.164376 0.144376 0.2 -0.17 0.2 0.164376 0.284376 0.09 -0.17 
9
-0.016489 -0.08 -0.06 0.074376 0.09 -0.03 -0.025624 0.01 -0.115624 
9
0.14 0.00437601 0.03 -0.09 0.034376 0.298752 0.224376 0.17 -0.05 
9
0.06 0.084376 0.1 0.13 0.01 0.124376 0.163511 0.174376 0.02 
9
0.09 0.15 -0.015624 0.114376 -0.036489 0.059135 0.254376 0.204376 0.083511 
9
0.113511 -0.00562399 -0.19 0.13 0.288752 0.014376 -0.085624 -0.01 -0.125624 
9
-0.16 -0.04 0.243511 0.07 0.303511 0.094376 0.02 0.15 -0.07 
9
0.184376 -0.05 -0.095624 0.134376 0.18 -0.12 0.16 0.04 -0.065624 
9
0.084376 0.174376 -0.18 0.2 -0.025624 -0.035624 0.2 -0.115624 -0.03 
9
0.14 -0.12 0.14 0.238752 0.054376 0.254376 0.14 0.058752 -0.075624 
9
-0.02 0.15 0.16 0.154376 0.21 -0.04 -0.17 0.03 0.07 
9
-0.05 0.074376 -0.14 0.123511 -0.090865 -0.19 0.164376 -0.03 0.06 
9
-0.045624 -0.025624 0.08 0.183511 -0.055624 0.298752 0.06 0.22 0.07 
9
0.13 0.214376 -0.18 0.263511 -0.04 0.17 0.19 -0.06 0.224376 
9
0.02 0.02 0.03 0.19 0.1 0.2 -0.120865 -0.05 -0.08 
9
-0.115624 -0.135624 0.094376 0.089135 -0.045624 -0.16 0.048752 -0.090865 -0.02 
9
-0.07 0.05 -0.06 -0.02 0.06 -0.12 -0.02 0.094376 0.044376 
9
0 0.02 -0.135624 0 -0.08 0.029135 -0.19 -0.085624 -0.08 
9
0.308752 -0.04 0.158752 0 -0.07 0.104376 -0.16 -0.16 -0.12 
9
-0.12 0.06 -0.011248 0.153511 -0.021248 -0.14 0.21 0.00437601 0.07 
14
0.23 0.18 -0.15 0.163511 0.01 0.15 0.05 0.23 -0.13 0.00875201 0.19 0.018752 0.154376 -0.08 
13
0.11 -0.11 0.07 -0.18 0.248752 0.294376 -0.00562399 -0.095624 0.00437601 0.25 0.114376 0.18 -0.016489 
14
0.069135 0.14 0.154376 -0.035624 0.254376 0.08 0.09 0.12 -0.13 0.124376 0.05 -0.15 0.22 0.209135 
13
-0.030865 0.00437601 0.13 0.119135 0.219135 0.17 0.033511 -0.031248 0.24 0.023511 0.134376 -0.105624 0.05 
13
0.139135 0.04 0.214376 -0.110865 0.03 0.15 0.184376 0.228752 0.174376 0.09 0 0.09 0.164376 
14
-0.045624 0.029135 -0.12 -0.04 0.113511 0.02 0.01 -0.02 -0.065624 0.104376 -0.06 0.134376 0.21 -0.12 
13
-0.14 0.103511 -0.00562399 0.29 0.009135 -0.085624 0.154376 0.119135 0.174376 0.084376 0.044376 0.09 0.084376 
14
-0.04 -0.18 -0.13 -0.05 -0.04 0.12 0.064376 0.05 -0.08 -0.17 -0.085624 -0.01 -0.02 0.164376 
14
0.08 -0.14 0.1 0.194376 0.028752 0.02 -0.04 0.044376 0.254376 0.1 -0.055624 0.06 0.078752 0.24 
13
0.034376 -0.12 0.07 0.094376 -0.095624 0.214376 -0.18 0.099135 0.08 0.02 -0.00562399 0.29 0.13 
14
0.009135 0.114376 -0.035624 0.053511 0.024376 0.09 -0.08 0.044376 -0.16 0.144376 0.14 0.02 0.09 0.04 
13
0.24 0.13 -0.07 0.234376 0.219135 0.014376 0.183511 0.08 0.04 0.143511 0.144376 -0.13 -0.01 
13
-0.01 0.04 0.06 -0.03 -0.14 0.033511 0.154376 0.108752 0.22 0.044376 0.29 0.063511 -0.02 
14
0.139135 -0.00562399 -0.07 0.153511 -0.135624 -0.085624 -0.08 0.024376 -0.08 -0.05 0.08 -0.13 0.293511 0.103511 
13
0.18 0.209135 0.14 0.014376 -0.00562399 0.034376 -0.045624 0.163511 0.179135 0.144376 0 -0.035624 0.114376 
14
0.224376 0.03 -0.14 0.084376 -0.085624 -0.02 0.154376 0.234376 0.06 -0.06 -0.08 -0.061248 0.144376 0.07 
19
0.18 0.15 0.134376 0.083511 0.21 0.074376 -0.01 0.104376 0.26 0.22 0.09 0.09 0.08 0.114376 -0.025624 -0.13 -0.08 0.003511 0.05 
19
0.05 0.298752 0.24 -0.14 0.14 -0.105624 0.3 -0.135624 0.01 -0.040865 0.184376 -0.09 -0.006489 0.11 0.19 0.18 0.114376 0.094376 0.033511 
19
-0.09 0.124376 0.02 0.2 -0.04 0.03 0.09 0.204376 0.134376 0.254376 -0.08 0.064376 0.134376 0.023511 -0.01 -0.075624 0.2 0.13 -0.135624 
19
-0.00562399 -0.08 -0.09 -0.135624 -0.015624 0.12 0.174376 -0.13 0.18 0.093511 0.15 -0.060865 0.164376 0.15 0.05 0.194376 0.003511 -0.15 0.133511 
19
-0.16 0.184376 0.074376 -0.05 0.03 0.093511 0.16 0.308752 0 0.23 0.03 0.123511 0 0.154376 0.259135 -0.035624 -0.115624 0.07 0.00437601 
19
0.03 0.05 0.268752 -0.04 0.08 0.12 -0.19 -0.05 0.104376 -0.055624 0 -0.18 0.064376 0.06 0.12 -0.11 0.194376 0.00437601 0.224376 
19
0.199135 0.15 0.2 0.15 0.03 -0.015624 0.084376 0.03 0.034376 0.24 0.02 0.214376 0.014376 0.209135 0.174376 0.204376 0.05 0.03 -0.17 
19
0.3 0.23 0.113511 0.193511 0.25 -0.19 -0.055624 0.2 -0.046489 -0.18 0 -0.135624 -0.11 -0.12 0.294376 0.134376 0.19 0 0.018752 
19
0.04 -0.135624 -0.16 0.21 0.22 0.13 0.11 0.13 0.034376 0.094376 -0.085624 0.01 0.103511 -0.025624 -0.19 0.00437601 0.054376 -0.06 0.084376 
26
0.054376 0.069135 0.184376 0.18 0.2 0.27 0.04 0.274376 0.184376 -0.08 -0.08 -0.061248 0.168752 0.024376 0 0.05 -0.055624 0.23 0.04 -0.041248 0.01 0.22 -0.01 -0.105624 -0.04 0.244376 
25
-0.02 0.18 0.044376 0.154376 0.123511 -0.08 -0.035624 0.02 -0.05 -0.11 0.094376 0.168752 -0.085624 -0.04 0.184376 0.05 0.07 0.07 -0.1 0.274376 -0.08 0.07 0.15 0.164376 0.06 
25
0.044376 0.13 0.038752 0.21 -0.09 -0.035624 -0.04 0.02 0.15 -0.130865 0.23 -0.16 -0.01 0.113511 -0.03 0.16 -0.13 -0.17 -0.050865 0.06 0.214376 0.14 -0.07 0.11 0.244376 
26
0.03 -0.115624 0.14 0.068752 -0.19 0.063511 -0.125624 0.17 0.174376 -0.14 0.014376 0.28 -0.08 0.13 0.16 0 0.244376 0.25 -0.075624 0.12 -0.04 -0.12 0.184376 -0.01 -0.08 0.129135 
33
0.124376 -0.00562399 -0.18 0.118752 0.11 0 0.03 -0.11 0.293511 0.228752 0.12 0.3 0.224376 0.044376 -0.085624 -0.020865 0.05 0.059135 -0.02 0.08 0.25 -0.04 0.273511 -0.08 0.284376 -0.025624 0.093511 0.244376 0.234376 0.14 0.18 0.139135 -0.04 
92
0.15 -0.06 0.169135 0.034376 0.25 -0.12 -0.04 0.2 0.25 0.04 0.16 0.168752 0.174376 0.06 -0.01 -0.08 0.09 -0.13 0.05 0.254376 -0.075624 0.124376 -0.15 0.079135 -0.095624 -0.03 0.134376 -0.13 -0.1 0.148752 0.108752 0.259135 0.254376 -0.035624 0.163511 -0.07 0.174376 -0.055624 -0.016489 0.12 0.12 -0.030865 0.064376 0.174376 0.07 0.19 -0.105624 0.073511 0.053511 0.12 0.03 0.06 -0.01 0.08 -0.036489 0.174376 0.254376 -0.135624 -0.19 -0.020865 0.04 0.069135 -0.025624 0.22 0.254376 -0.15 0.2 0.12 -0.02 0.054376 0.02 -0.07 0.06 -0.066489 -0.07 0.06 -0.06 -0.03 0.214376 0.084376 -0.055624 0.049135 -0.035624 0.214376 0 0.018752 0.16 0.08 0.108752 0.224376 0.258752 -0.03 
92
0.114376 -0.01 -0.100865 0.14 0.04 -0.030865 0.06 0.2 0.114376 -0.05 0.06 0.044376 0.054376 0.19 0.25 0.14 0.103511 0.21 -0.025624 0.08 0.03 0.084376 0.224376 -0.035624 0.224376 0.209135 0.08 0.153511 0.254376 0.084376 0.16 0.109135 0.278752 0.19 0.09 0.08 -0.045624 -0.075624 0.21 -0.100865 0.05 -0.035624 0.03 -0.1 -0.1 0.124376 0.194376 0.084376 0.06 -0.06 0.044376 -0.07 0.24 0.034376 -0.01 -0.051248 -0.010865 -0.1 0.13 -0.02 0.12 0.134376 -0.14 0.278752 0.15 0.09 0.08 -0.07 0.298752 0.088752 -0.08 0.09 0.14 0.14 0.17 -0.071248 0.094376 0.16 0.05 -0.1 -0.15 -0.035624 0.06 -0.025624 0.09 -0.08 0.00437601 -0.120865 0.02 -0.17 0.084376 -0.00562399 
92
0.11 0.08 -0.02 0.09 0.054376 -0.135624 0.12 0.07 0.044376 -0.17 0.014376 0.01 -0.095624 -0.04 0.083511 0.274376 -0.08 -0.120865 -0.016489 0.054376 0.034376 0.2 0.11 -0.05 -0.075624 -0.09 0.05 0.09 0.02 -0.071248 0.313511 0 0.23 -0.015624 0.19 0.03 0.07 0.154376 0.03 0.2 0.214376 0.148752 0.073511 -0.00562399 -0.060865 0.18 -0.085624 0.058752 -0.120865 0.064376 -0.056489 0.084376 0.09 -0.125624 0.12 0.16 0.06 0.024376 0.07 0.224376 0.074376 0.15 -0.13 0.113511 -0.12 0.21 -0.085624 0.204376 0.19 0.04 0.234376 0.05 -0.04 0.043511 -0.18 -0.01 -0.01 0.01 0.19 0.01 -0.11 -0.16 -0.080865 0.238752 -0.085624 0.18 0.214376 0.06 -0.02 0.08 -0.02 0.19 
92
-0.02 0.084376 0.124376 0.14 0.044376 0.12 0.179135 -0.05 0.014376 0.19 -0.015624 0.114376 0.013511 -0.01 -0.12 0.228752 0.154376 -0.11 0.058752 0.224376 -0.02 0.114376 0.194376 -0.01 0.044376 0.05 -0.011248 -0.1 -0.04 0.149135 -0.11 -0.120865 -0.025624 0.1 -0.051248 0.234376 0.1 0.16 0.038752 -0.09 0.243511 0.064376 0.154376 -0.04 0.23 0.22 -0.066489 0.213511 -0.085624 0.024376 0.07 0.183511 -0.14 -0.04 -0.000865001 0.13 -0.00562399 0.11 0.234376 0.05 -0.02 -0.055624 0.204376 0.194376 0.24 0.294376 0.204376 0.17 0.19 0.01 0.234376 0.25 0.17 0.15 -0.095624 -0.18 0.174376 0.058752 0.224376 -0.14 0.233511 0.12 0.238752 -0.09 -0.045624 -0.03 0.244376 0.098752 0.273511 0.229135 -0.035624 -0.07 
92
-0.14 -0.085624 -0.1 -0.015624 -0.025624 -0.041248 -0.045624 0.04 0.01 0.00437601 0.003511 0.114376 -0.045624 -0.01 0.13 -0.045624 0.194376 0.139135 0.014376 0.19 -0.00562399 0.02 0.15 0.174376 0.12 0.14 -0.030865 0.07 0.23 0.15 -0.07 -0.025624 -0.115624 0.039135 0.224376 0.058752 0.11 -0.05 0.194376 0.054376 0.109135 -0.031248 -0.09 -0.110865 0.183511 -0.19 -0.010865 0.014376 0.17 0.283511 0.028752 -0.01 -0.00562399 0.054376 -0.04 -0.015624 0.019135 0.14 0.2 0.044376 0.044376 -0.04 0.14 0.12 0.19 0.114376 -0.095624 0.234376 -0.115624 -0.071248 -0.02 0.16 -0.08 0.07 0.288752 0.194376 0.193511 0.103511 0.084376 0.04 0.00437601 0.284376 -0.04 0.27 0.02 0.06 0.088752 0.134376 -0.045624 0.16 -0.045624 0.224376 
92
-0.13 -0.08 0.173511 -0.16 -0.095624 0.169135 0.22 -0.060865 0.259135 -0.05 -0.046489 -0.08 0.268752 -0.1 -0.055624 0.233511 0.08 0.183511 0.094376 0.023511 0.179135 0.194376 0.01 -0.105624 0.063511 0.13 0.2 0.184376 0.103511 -0.02 0.204376 0.134376 0.154376 0.01 0.174376 -0.115624 -0.00562399 0.08 -0.09 -0.06 -0.085624 0.074376 0.06 0.00437601 0.174376 0.23 -0.11 0.08 0.184376 0.18 -0.075624 0.163511 0.204376 0.074376 0.144376 0.093511 0.03 0.27 -0.035624 -0.05 -0.05 -0.065624 0.23 -0.025624 0.14 0.224376 -0.05 0.23 0.158752 0.184376 -0.08 0.24 0 -0.19 0.06 -0.05 0.303511 0.13 -0.071248 0.16 0.11 0.074376 0.094376 0.134376 -0.13 -0.03 -0.09 0.204376 -0.03 0.014376 -0.021248 0.29 
92
0.17 -0.015624 -0.04 0.073511 -0.05 0.11 0.114376 -0.07 0.07 0.18 -0.19 -0.125624 -0.14 0.109135 0.064376 -0.065624 -0.02 0.16 -0.021248 0.024376 -0.17 0.1 0.254376 -0.055624 -0.1 -0.07 -0.13 0.07 0.14 -0.06 0.168752 0.01 0.253511 0.17 -0.1 -0.100865 0.1 0.06 -0.031248 0.029135 0.114376 0.00437601 0.114376 0.258752 0.259135 -0.05 -0.115624 0.114376 0.21 -0.11 0.284376 -0.08 0.298752 -0.15 0.04 -0.06 0.034376 0.2 0.219135 -0.05 -0.03 0.198752 -0.051248 -0.09 0.06 -0.055624 -0.03 0.04 -0.125624 0.03 -0.12 0.214376 0.23 0.244376 0.11 0.18 -0.105624 0.194376 0.04 -0.065624 -0.04 0.154376 0.084376 -0.045624 0.258752 -0.026489 0.129135 0.034376 -0.16 0.02 0.21 0.09 
92
0.049135 0.304376 0.224376 -0.015624 -0.12 0.048752 0.16 0.03 0.283511 -0.16 0.048752 -0.12 -0.085624 -0.15 -0.06 0.088752 -0.075624 -0.14 0.14 0.024376 0.11 0.02 0.2 0.18 0.164376 0.064376 -0.00562399 -0.12 0.014376 -0.06 0.06 0.204376 -0.055624 0.21 -0.12 0.1 -0.095624 -0.08 -0.17 0 0.09 0.158752 -0.07 0.163511 0.159135 0.208752 0.014376 -0.11 0.164376 -0.095624 0.069135 0.159135 0.09 0.04 0.08 0 -0.045624 0.214376 0.074376 0.094376 -0.15 0.068752 0.053511 0.07 -0.075624 0.094376 -0.026489 0.05 0.164376 -0.06 0.15 -0.055624 -0.19 -0.09 -0.120865 0.11 -0.14 -0.08 -0.12 0.254376 0.02 0.12 0.154376 -0.14 -0.05 -0.08 0.18 0.13 -0.04 0.03 -0.035624 0.14 
92
-0.08 0.05 -0.04 0.048752 0.02 0.024376 0.194376 -0.03 0.13 0.179135 -0.04 0.194376 -0.065624 0.03 0.13 -0.025624 0.1 0.15 -0.025624 -0.06 0.15 -0.071248 0.188752 -0.1 0.02 0.194376 0.22 0.234376 -0.08 -0.07 0.178752 -0.01 -0.19 0.274376 -0.081248 0.029135 0.02 -0.115624 0.174376 -0.05 0.2 -0.060865 0.024376 -0.14 0.194376 -0.01 -0.02 0.218752 -0.03 0.23 0.038752 -0.03 -0.075624 -0.135624 0.019135 0.144376 0.14 0.118752 0.19 -0.06 0.17 0.09 0.254376 -0.026489 0.248752 0.16 0.11 0.00437601 0.28 0.084376 0.234376 0.238752 0.19 -0.000865001 -0.035624 0.224376 0.11 0.174376 0.11 -0.12 0.144376 -0.11 -0.1 0.21 -0.015624 0.194376 0.184376 -0.13 0.134376 0.178752 0.03 0.05 
92
0.08 -0.02 0.184376 -0.03 0.02 0.094376 0.174376 0.009135 -0.085624 0.224376 0 -0.07 -0.09 0.01 -0.045624 -0.18 0.034376 -0.105624 -0.015624 -0.1 -0.04 0.21 0.04 0.134376 0.12 -0.04 0.239135 0.063511 -0.14 0.019135 -0.18 0.144376 0.22 0.15 -0.060865 0.038752 0.174376 -0.07 0.18 -0.081248 -0.1 -0.04 -0.02 0.019135 0.254376 0.168752 0.173511 0.05 0.09 -0.075624 0.154376 -0.041248 0.224376 -0.115624 0.184376 0.19 0.024376 0.18 0.024376 0.06 -0.01 0.133511 -0.055624 -0.02 0.07 0.109135 0.16 -0.035624 0.23 0.103511 0.024376 0.17 0.17 0.109135 0.01 0.22 -0.05 0.048752 0.083511 -0.025624 0.11 -0.00562399 0.108752 0.11 0.02 0 0.03 -0.125624 0.034376 0.244376 0.18 0.2 
92
0.04 -0.15 0.034376 0.25 0.1 -0.11 -0.01 0.02 0.15 0.16 0.094376 0.22 0.084376 -0.07 0.278752 0.13 0.128752 -0.015624 -0.07 0.00437601 0.07 0.08 0.16 -0.03 -0.02 0.16 -0.06 0.114376 0.134376 -0.120865 0.1 -0.025624 -0.06 -0.115624 0 -0.100865 -0.01 0.19 0.114376 0.048752 0.09 -0.07 0.044376 -0.03 0.134376 -0.04 -0.015624 -0.05 0.148752 0.064376 0.188752 0.04 0.029135 0.11 0.244376 0.09 0.024376 -0.07 -0.1 -0.1 0.074376 -0.12 -0.03 0.21 -0.07 0.26 -0.12 0.174376 0.25 0.13 -0.00562399 0.174376 -0.00562399 0.13 -0.03 -0.125624 -0.13 0.234376 -0.01 0.18 0.12 -0.075624 -0.03 0.23 0.23 0.00437601 0.07 0.138752 0.21 0.25 0.188752 0.114376 
92
-0.045624 -0.08 0.128752 0.03 -0.07 0.224376 0.143511 0.01 0.18 -0.095624 0.00875201 0.024376 -0.135624 0.2 0.064376 -0.02 0.02 -0.065624 -0.080865 -0.046489 0.143511 0.1 -0.05 0.134376 -0.015624 0.254376 0.023511 0.078752 0.24 -0.085624 -0.13 0.024376 0.03 0.22 0.3 0.253511 0.19 0.218752 -0.015624 0.12 0.21 0.138752 -0.085624 -0.05 0.104376 0.12 -0.015624 -0.125624 -0.056489 0.11 -0.00562399 0.173511 0.099135 0.21 0.02 0.283511 0.16 0.22 0.074376 0.23 -0.09 0.153511 -0.05 0.094376 0 0.08 0.164376 0.024376 -0.00562399 0.24 0.288752 0.088752 0.194376 -0.06 0.16 -0.11 0.244376 -0.17 0.103511 0.00875201 0.278752 -0.09 0.21 0.11 0.174376 0.1 0.16 0.074376 0.158752 -0.07 0.054376 0.164376 
92
0.244376 0.194376 0.084376 0.02 0.05 -0.01 0.14 -0.09 0.019135 0.259135 0.09 -0.1 -0.16 0.02 0.07 -0.035624 0.104376 -0.19 0.118752 0.15 -0.11 0.148752 0.049135 -0.19 0.02 -0.07 0.214376 -0.18 0.144376 0 0.23 0.188752 -0.03 0.04 -0.02 0.17 0.18 0.014376 -0.07 -0.11 -0.09 0.194376 0.01 0.07 0.01 -0.17 -0.14 -0.11 0.014376 0.09 -0.016489 0 0.01 0.173511 0.194376 0.18 0.19 0.094376 0.254376 0.184376 0.198752 -0.135624 0.138752 -0.01 0.05 -0.19 -0.06 0.03 0 0.094376 0.204376 0.15 0.034376 0.04 0.108752 -0.18 0.16 0.06 -0.01 -0.041248 0.03 0.11 0.13 0.294376 -0.03 0.079135 0.17 0.044376 -0.135624 -0.095624 0 0.18 
92
-0.085624 0.234376 0.054376 0.11 0.234376 0.08 0.02 0.039135 -0.08 0.044376 0.014376 0.23 -0.07 -0.11 0.25 0.283511 0.17 0.044376 -0.13 -0.045624 -0.045624 0.15 -0.065624 0.163511 0.094376 0.043511 -0.16 0.05 0.024376 0.094376 0.154376 0.164376 0.04 -0.15 0.064376 0.1 0.184376 -0.09 -0.02 -0.015624 0.184376 0.164376 -0.04 0.15 0.2 0.023511 0.12 0.124376 0.234376 -0.135624 -0.046489 -0.09 -0.046489 0.1 0.21 0.184376 0.13 -0.12 0 0.08 0.194376 -0.040865 -0.07 0.034376 0.03 0.224376 -0.065624 0.08 -0.09 0.09 0.214376 -0.115624 0.13 -0.00562399 0.293511 0.024376 0.104376 0.239135 -0.020865 0.213511 0.294376 -0.04 -0.19 -0.1 0.21 -0.105624 0.234376 0.16 0.054376 0.03 0.048752 0.04 
92
0.264376 0.07 0.254376 0.084376 0.07 0.01 -0.14 0.224376 0.244376 -0.15 0.313511 0.07 0.049135 -0.09 -0.13 -0.09 -0.100865 0.06 -0.076489 -0.040865 0.00875201 0.013511 0.054376 -0.02 0.07 0.11 -0.06 -0.09 -0.09 0.214376 0.03 -0.016489 0.054376 0.133511 0.23 -0.075624 0.28 -0.066489 -0.11 -0.15 -0.14 0.028752 0.14 0.189135 0.03 -0.06 -0.051248 0.194376 0.2 -0.07 -0.13 -0.105624 0.1 0.263511 0.104376 0.033511 0.06 0.244376 -0.02 0.22 0.13 0.2 -0.080865 0.034376 0.1 0.244376 0.124376 0.03 0.259135 0.298752 0.2 -0.09 -0.1 0.14 -0.08 0.16 0.234376 -0.1 0.1 0.254376 0.223511 0.2 -0.03 0.06 0.204376 0.17 0.174376 0.084376 0.164376 -0.036489 0.134376 0.099135 
92
-0.006489 0.194376 -0.11 0.18 0.124376 0.21 0.03 0.15 0.15 0.08 0.003511 -0.12 -0.075624 -0.04 -0.115624 -0.07 0.164376 0.214376 -0.015624 0.04 0.204376 0.109135 -0.1 0.154376 0.02 0.17 -0.015624 0.064376 -0.055624 0.2 -0.025624 0.05 0.12 0.09 0.024376 0.124376 0.03 0.3 0.02 0.038752 0.11 0.218752 0.08 -0.085624 -0.085624 0.16 0.02 0.2 0.2 0.19 0.04 0.1 0.12 0.139135 0.044376 0.014376 0.18 0.304376 -0.15 -0.125624 -0.110865 0.104376 0.114376 0.19 -0.06 -0.09 0.123511 0.17 0.04 -0.075624 -0.025624 -0.045624 -0.19 0.25 -0.00562399 -0.13 0.298752 0.16 -0.085624 0.194376 0.18 0.234376 0.164376 0.094376 0.11 -0.1 -0.12 0.039135 0.03 0.114376 0.134376 0.193511 
92
-0.15 -0.00562399 0.128752 -0.06 0.13 -0.030865 -0.015624 -0.03 0.01 0.05 0.02 0.06 0.189135 0.19 0.268752 0.308752 0.253511 -0.045624 -0.125624 0.174376 -0.13 0.189135 0.099135 0.13 -0.04 0.12 0.103511 0.184376 -0.025624 -0.14 0.09 0.083511 0.134376 -0.09 0.24 0 0.05 0 0.12 -0.02 -0.1 0.01 -0.125624 -0.085624 -0.05 0.293511 -0.01 -0.11 -0.13 -0.05 -0.065624 -0.000865001 0.064376 0.12 -0.05 0.11 0.03 0.13 0.124376 -0.115624 0.303511 -0.01 0.18 0.204376 0.054376 0.263511 -0.05 -0.015624 -0.06 0.048752 0.11 0.12 0.154376 0.08 0.17 -0.015624 0.13 -0.06 0.203511 0.2 0.17 0.17 0.124376 -0.03 0.144376 0.224376 -0.085624 0.054376 0.234376 0.21 0.03 0.224376 
92
-0.1 -0.035624 0.244376 0.234376 -0.02 -0.00562399 -0.04 0.174376 0.193511 -0.16 0.044376 0.11 0.304376 0.053511 0.18 0.23 0.12 0.15 -0.14 0.04 0.22 0.03 0.21 0.064376 -0.01 -0.1 0.2 -0.03 -0.14 0.11 0.11 0.094376 -0.01 0.08 0.124376 0.128752 -0.13 0.259135 -0.055624 0.27 -0.025624 0.089135 0.11 -0.025624 0.268752 0.22 0.02 0.08 0.17 0.038752 -0.05 0.09 -0.12 0.088752 -0.03 0.12 0.188752 0.05 -0.13 -0.135624 -0.04 0.214376 0.104376 0.108752 0.094376 -0.06 -0.1 0.13 0.02 0.049135 0.15 0.24 -0.11 0.198752 -0.06 -0.095624 0.1 0.253511 0.21 0.02 -0.00562399 -0.035624 -0.12 0.083511 0.09 0.13 -0.13 0.094376 -0.07 -0.00562399 0.109135 0.183511 
92
-0.03 0.03 0.044376 -0.11 0.25 0.153511 -0.18 0.074376 -0.08 0.25 0.094376 -0.035624 0.13 -0.095624 0.094376 0.123511 0.19 0.13 0.18 0.118752 0.244376 -0.01 0.284376 0.15 -0.13 -0.041248 0.07 0.03 0.06 0.05 -0.11 -0.035624 0.288752 0.11 0.05 -0.036489 -0.045624 0.114376 0.15 0 0.14 0.034376 0.19 0.104376 0.21 0.16 -0.026489 0.239135 0.09 -0.035624 0.034376 0.154376 0.05 0.014376 0.08 0.14 0.054376 -0.05 -0.025624 -0.00562399 0.2 0.09 0.1 -0.19 0.034376 -0.095624 -0.085624 0.15 0.248752 0.3 -0.05 0.1 0.114376 0.064376 -0.05 0.02 0.054376 0.054376 0.054376 0.234376 0.164376 -0.14 0.164376 0.04 0.019135 0.049135 -0.02 -0.046489 -0.125624 0.17 0.08 -0.1 
92
0.144376 0.01 -0.085624 -0.14 0.09 0.04 -0.06 0.02 0.12 0.12 0 -0.015624 -0.010865 0.208752 0.18 0.17 -0.1 -0.02 0.18 0.003511 0.064376 0.17 0.313511 0.224376 0.144376 0.06 -0.00562399 0.168752 0.218752 0.2 0.11 0.04 -0.14 -0.15 0.13 0.1 0.04 -0.13 0.009135 -0.04 -0.18 0.1 0.179135 -0.06 0.07 0.154376 -0.01 -0.041248 0.013511 0 -0.07 0.21 0.078752 0.01 0.219135 -0.11 -0.08 -0.05 0.15 0.17 0.25 0.14 0.144376 -0.085624 -0.08 0.104376 -0.051248 0.18 0.2 0.16 0.078752 0.224376 0.04 -0.011248 0.09 -0.09 0.23 -0.19 0.03 -0.04 0.064376 -0.16 -0.03 -0.09 0.104376 -0.12 -0.05 0.17 -0.02 0.03 0.22 0.014376 
92
-0.08 0.09 0.154376 0.119135 0.053511 -0.14 0.094376 -0.00562399 0.12 -0.130865 -0.02 0.049135 -0.11 0.174376 0.278752 -0.06 0.12 0.054376 0.154376 0.06 0.099135 -0.105624 0.14 -0.00124799 0.05 -0.055624 -0.055624 0.204376 0.06 -0.010865 -0.085624 -0.14 -0.18 0.15 0.3 0.058752 0.26 0.04 0.174376 0.164376 0.094376 -0.07 0.034376 -0.076489 -0.16 0.00437601 0 -0.046489 -0.17 -0.03 0.184376 0.178752 0.014376 0.174376 -0.06 0.11 0.25 0.1 0.194376 0.09 0.18 0.194376 -0.115624 0.258752 0.144376 -0.071248 0.03 0.13 0.14 -0.055624 0.224376 0.034376 0.12 0.00875201 0.08 0.14 0.228752 -0.085624 -0.14 0.15 -0.015624 0.234376 0.09 0.22 0.05 -0.14 0.204376 0.134376 0.114376 0.04 0.104376 0.02 
92
0.114376 0.15 0.04 0.084376 -0.095624 -0.120865 0.01 0.244376 0.103511 -0.065624 -0.04 0.254376 0.104376 -0.18 -0.13 0.024376 -0.17 -0.025624 0.05 0.08 0.043511 -0.11 0.13 0.234376 -0.03 0.03 0.18 0.18 -0.06 -0.02 0.12 0.313511 -0.02 -0.04 0.02 0.034376 -0.015624 0.18 0.01 0.164376 -0.015624 0.2 0.19 -0.09 -0.18 -0.050865 0.03 -0.07 0.09 -0.17 -0.11 0.224376 -0.01 0.164376 0.14 0.21 0.053511 0.209135 -0.125624 0.273511 -0.07 0.144376 0.25 0.13 -0.12 0.024376 0.098752 0.193511 0.13 0.204376 0.103511 -0.16 -0.115624 0.06 0 -0.07 -0.115624 -0.19 0.18 0.11 0.018752 0.17 0.03 0.154376 0.08 0.1 0.11 -0.00562399 0 0.214376 -0.045624 0.308752 
92
0.12 -0.006489 0.184376 0.254376 0.05 -0.020865 0.13 -0.070865 -0.06 0 0.044376 0.02 -0.00562399 0.13 0.224376 -0.04 0.19 0.213511 -0.095624 0.3 0.174376 0.134376 0.288752 0.079135 0.108752 0.12 0.298752 -0.12 0.124376 -0.16 -0.065624 0.04 -0.04 -0.055624 0.174376 -0.105624 0.134376 0.053511 0.044376 -0.125624 0.14 0.17 0.124376 -0.1 0.104376 0.09 0.014376 0.07 0.074376 0.114376 0.14 -0.04 0.078752 0.12 0.234376 -0.05 0.039135 0.224376 0.054376 -0.02 -0.11 0.16 0.12 0.08 -0.16 -0.01 0.218752 0.12 -0.135624 -0.05 -0.120865 0.224376 0.054376 0.278752 -0.13 -0.12 0.13 0.03 0.149135 -0.05 -0.075624 0.114376 0.06 0.174376 -0.015624 0.12 0.219135 0.244376 0.14 0.04 -0.025624 -0.1 
92
0.113511 -0.03 0.13 0.094376 0.284376 0.04 0.094376 -0.08 -0.14 0.194376 -0.16 0.06 0.1 -0.14 0.03 0.034376 0.174376 0.059135 0.21 0.19 -0.035624 0.14 0.23 0.07 0.01 -0.18 0.15 -0.055624 0.173511 -0.041248 -0.000865001 -0.14 0.01 -0.05 0.27 0.07 0.23 0.01 0.144376 -0.025624 0.044376 0.224376 0.21 0.02 -0.09 0.124376 0.18 0.283511 -0.05 0.199135 -0.105624 -0.04 0.143511 -0.13 -0.125624 -0.115624 -0.020865 0.258752 0.05 0.18 0.25 -0.13 -0.04 0.099135 -0.03 -0.07 -0.09 0.13 0.17 -0.125624 0.288752 0.04 -0.125624 0.13 0.214376 -0.12 0.034376 0.09 -0.15 0.124376 0.154376 0.01 -0.12 0.123511 0.11 -0.015624 0.17 0.224376 0.014376 0 -0.056489 0 
92
0.074376 0.04 -0.13 0.293511 0.074376 0.054376 0.144376 -0.02 0.074376 0.114376 -0.036489 0.094376 0.048752 0.204376 0.25 0.17 0.12 -0.105624 0.04 0.154376 0.13 0.14 -0.045624 -0.06 -0.045624 -0.13 0.014376 0.109135 0.01 0.034376 0.254376 0.018752 0.15 0 0.07 -0.04 0.263511 -0.1 -0.13 0.158752 0.16 -0.021248 -0.055624 -0.015624 0.00437601 0.01 0.03 -0.11 0 0.19 0.24 0.06 0.08 -0.00562399 0.1 -0.14 0.034376 -0.12 0.164376 -0.025624 0.01 0.244376 0.16 0.01 -0.010865 -0.071248 0.2 -0.04 -0.08 -0.1 0.2 -0.085624 0.099135 0.083511 0.124376 0.24 0.18 0.2 -0.12 -0.015624 0.244376 -0.11 0.17 0.2 0.088752 0.11 -0.065624 -0.11 0.194376 0.19 -0.01 0.084376 
92
-0.15 -0.046489 -0.075624 0.093511 -0.085624 -0.06 0.19 0.06 0.099135 0.194376 0.15 0.019135 0 0.074376 0.024376 0.01 0.213511 0.134376 0.089135 0.264376 0.224376 0.139135 0.164376 0.079135 -0.06 0.19 0.11 -0.04 -0.1 -0.025624 0.29 0.00875201 0.04 -0.1 0.26 0.234376 -0.01 0.18 0.04 -0.035624 0.24 0.02 0.11 0.029135 -0.100865 -0.07 0.13 0.194376 0.24 0.09 0.2 0.204376 -0.14 0.13 0.07 0 0.204376 0.01 0.25 -0.02 0.03 -0.125624 0.034376 0.05 0.063511 0.07 0.03 -0.125624 0.044376 0.22 -0.08 0.034376 0.02 -0.080865 0.263511 0.114376 0.024376 0.084376 0.07 -0.04 -0.076489 0.154376 0.09 0 0.064376 0.214376 0.2 0.03 -0.06 0.18 0.223511 -0.1 
92
-0.08 0.014376 0.103511 0.02 0.18 0.17 0.03 0.024376 0.164376 -0.07 -0.115624 -0.07 0.078752 0.18 -0.09 0.199135 0.13 0.13 0.088752 0.22 0.06 0.214376 0.024376 -0.085624 0.3 0.054376 0.198752 -0.06 0.1 0.134376 0.06 0.124376 -0.16 -0.15 0.003511 -0.14 -0.15 0.254376 0.034376 0.219135 -0.065624 0.188752 -0.07 0 0.06 -0.00562399 0.12 0.02 0.063511 0.24 0.07 -0.055624 -0.115624 0.29 0.13 -0.035624 0.01 0 0.17 -0.19 -0.13 -0.02 0.16 0.01 0.169135 -0.15 0.113511 0.214376 -0.105624 -0.095624 0.11 0.05 0.18 -0.075624 0.24 -0.01 0.069135 0.06 -0.065624 -0.105624 0.13 0.204376 0.06 0.194376 -0.19 -0.115624 -0.11 0.128752 0.03 0.273511 0.11 0.288752 
92
0.07 0.07 -0.006489 -0.02 0.254376 0.134376 -0.055624 -0.08 0.189135 0.254376 0.14 0.11 -0.13 0.08 -0.03 0.214376 -0.03 0.134376 -0.065624 -0.125624 0.03 0.08 0.21 0.144376 0.164376 -0.060865 -0.01 0.133511 -0.100865 -0.07 0.044376 0.06 0.259135 0.15 -0.13 -0.021248 0.16 0.058752 0.17 0.16 0.063511 0.064376 -0.03 0.144376 0.02 0.224376 0.15 0.184376 0.154376 0.12 0.23 0.00437601 0.08 0.14 -0.070865 -0.01 -0.050865 0.054376 -0.01 0.064376 0.243511 0.193511 0.048752 0.313511 0.21 0.01 -0.05 0.069135 0.16 -0.075624 -0.03 -0.045624 0.074376 0.27 -0.075624 0.244376 -0.076489 0.174376 0.2 0.194376 0.174376 0.238752 -0.11 0.054376 0.194376 0.00437601 -0.03 -0.056489 -0.110865 0.009135 0.094376 -0.16 
92
-0.035624 0.28 -0.06 -0.14 0.06 0.098752 0.1 0.128752 0.13 -0.18 0.254376 0 -0.03 -0.13 0.02 -0.02 0.234376 -0.035624 -0.14 0.234376 0.033511 0.034376 0.02 -0.14 -0.19 0.04 -0.03 -0.055624 -0.016489 -0.060865 -0.05 0.024376 -0.06 0.124376 0.164376 0.254376 -0.095624 0.073511 0.06 0.189135 0.034376 0.064376 -0.09 0.1 0.2 0.134376 0.308752 0.13 -0.070865 -0.14 0.244376 -0.02 0.07 -0.04 0.174376 0.12 -0.08 -0.04 0.298752 0.048752 0.153511 -0.00562399 0.29 -0.031248 0.254376 0.158752 -0.15 -0.015624 -0.09 0.14 -0.06 0.124376 0.089135 0.104376 0.04 0.03 0.01 0.044376 -0.01 0.204376 0.054376 0.024376 0.01 -0.075624 0.13 -0.015624 -0.125624 -0.07 0.14 0.254376 0.01 0.01 
92
-0.01 0 0.06 0.07 -0.025624 0.303511 0.2 -0.02 -0.085624 0.02 0.19 0.14 -0.1 0.03 -0.06 0.204376 -0.1 0.08 0.184376 0.184376 -0.15 -0.06 -0.12 -0.1 0.124376 -0.11 -0.07 0.08 -0.11 -0.125624 -0.08 0.16 0.064376 -0.085624 0.054376 0.184376 -0.010865 0.084376 -0.01 -0.06 0.303511 0.11 -0.15 0.003511 -0.13 -0.06 -0.08 -0.03 -0.125624 0.254376 -0.095624 -0.06 0.053511 0.033511 -0.01 -0.060865 0.01 0.12 0.29 0.23 0.189135 0.044376 0.224376 0.074376 0.153511 -0.03 0.03 -0.045624 0.244376 0.22 -0.02 0.234376 0.1 0.03 0 0.174376 -0.15 0.123511 -0.115624 -0.075624 0.06 0.01 0.06 -0.071248 0.193511 -0.02 0.034376 0.074376 0.24 0.024376 0.058752 0.313511 
92
0.21 0.04 0.1 0.134376 0.214376 0.06 0.228752 -0.110865 0.16 0.039135 -0.14 -0.09 -0.00124799 0.03 -0.125624 0.053511 -0.105624 0.034376 0.144376 0.238752 0.144376 -0.050865 0.15 0.09 0.024376 -0.02 -0.11 0.04 0.234376 0.164376 0.174376 -0.130865 -0.1 0.154376 0.09 -0.01 0.023511 0.144376 0.014376 0.16 -0.13 0.15 -0.08 0.04 -0.12 0.02 -0.085624 -0.020865 0.234376 0.19 -0.16 0.194376 -0.04 -0.13 0.039135 0.21 -0.01 0.183511 0.17 0.104376 0.093511 0.124376 0.114376 0.21 -0.04 -0.06 -0.11 0.124376 -0.035624 0.154376 0.16 0.1 0.00875201 -0.1 -0.01 -0.03 0.2 -0.00562399 0.22 0.124376 0.014376 -0.11 0.064376 0.12 0 -0.13 0.164376 -0.18 -0.13 0.034376 0.174376 0.094376 
92
-0.16 0.054376 0.084376 0.104376 0.19 0.233511 0.05 -0.07 0.024376 -0.015624 0.18 0.244376 -0.02 -0.000865001 -0.01 -0.12 0.21 0.068752 0.263511 -0.03 0.144376 0.09 -0.021248 -0.075624 0.11 0.239135 0.024376 0.228752 0.134376 -0.025624 0.098752 0.12 0.233511 -0.18 0.058752 0.114376 0.13 0.28 -0.14 -0.02 -0.04 -0.105624 -0.08 0.144376 0.06 0.164376 -0.16 0.02 -0.000865001 -0.075624 -0.120865 -0.09 0.154376 0.003511 0.064376 0.19 0.04 0.23 0.203511 0.283511 -0.045624 -0.065624 0.094376 -0.085624 0.024376 -0.070865 0.2 -0.02 -0.15 -0.14 0.16 0.063511 -0.020865 0.00437601 -0.105624 0.18 -0.00562399 0.014376 -0.01 0.193511 0.07 0.064376 -0.13 -0.08 0.17 0.138752 -0.06 0.01 0.01 0.22 -0.07 0.208752 
92
0.034376 0.2 0.24 0.1 0 0.14 -0.04 0.059135 -0.125624 0.044376 0.2 -0.00562399 0.19 -0.09 -0.03 0.073511 0.074376 0.244376 -0.04 -0.08 0.183511 -0.02 0.144376 0.144376 0.204376 0.2 -0.12 0.094376 0.27 0.103511 0.02 -0.05 0.124376 0.06 -0.13 -0.18 0.02 0.08 0.074376 0.09 -0.045624 0.094376 0.23 -0.051248 0.234376 0.03 0.07 0.134376 0.04 0.234376 0.29 -0.035624 -0.09 0.223511 -0.17 -0.01 0.218752 -0.085624 -0.041248 0.134376 0.104376 0.209135 -0.1 -0.08 0.13 0 0.02 -0.15 -0.09 -0.16 0.27 0.05 0.16 0.254376 0.174376 0.14 0.118752 -0.01 0.09 -0.15 -0.03 0.134376 0.01 0.204376 -0.01 0.094376 0.024376 -0.06 0.243511 0.074376 -0.095624 0.164376 
92
0.068752 -0.045624 0.234376 0.19 0.154376 0.13 0.02 0.25 0.244376 -0.055624 0.054376 0.204376 0.028752 0.02 0.268752 -0.135624 0.18 0.104376 -0.15 0 0.064376 0.194376 0.03 0.254376 0.058752 0.14 -0.03 -0.12 0.14 0.064376 -0.085624 -0.07 0.169135 -0.075624 0 0.13 0.194376 0.07 0.214376 0.184376 0.273511 0.094376 0.26 -0.04 -0.105624 0.228752 0.01 -0.18 0.104376 0.064376 0.148752 -0.09 0.088752 -0.125624 0.043511 -0.19 -0.055624 0.154376 -0.07 0.174376 -0.030865 0.024376 0.204376 -0.055624 0.094376 -0.055624 -0.041248 0.093511 0.214376 -0.135624 -0.09 0.298752 0.243511 -0.09 0.089135 0.17 -0.085624 0.19 -0.085624 0.18 0.134376 0.15 -0.03 -0.15 0.233511 0.104376 -0.14 0.15 -0.00562399 0.07 0.204376 0.18 
92
0.19 0.05 -0.125624 0.1 -0.066489 0.00437601 -0.006489 -0.15 -0.04 0.114376 -0.06 -0.03 0.174376 0.174376 0.034376 -0.09 0.184376 -0.01 -0.020865 0.11 -0.03 0.084376 0.253511 0.029135 0.019135 -0.13 0.054376 0.18 0.17 0 0.159135 -0.17 -0.13 0.3 0.18 -0.11 -0.00562399 -0.130865 -0.11 0.234376 0.07 0.064376 -0.01 0.178752 0.00437601 0.15 0.2 -0.006489 0.128752 0.054376 0.22 0.244376 -0.115624 0.23 0.014376 0.03 -0.036489 0.25 0.014376 -0.1 -0.02 -0.06 0.01 0.063511 -0.010865 -0.00562399 0.034376 0.258752 0.074376 0.15 0.23 0.074376 0 0 -0.04 0.1 0 0.04 -0.080865 0.17 0.24 -0.115624 0.11 -0.19 -0.06 -0.06 0.12 -0.06 -0.11 0.01 0.164376 0.213511 
92
0.12 -0.08 -0.105624 -0.15 0.13 0.159135 -0.12 -0.05 0.184376 -0.076489 0.3 -0.006489 0.009135 -0.04 -0.026489 0.1 0.159135 0.108752 0.09 0.264376 0.15 0.00437601 -0.095624 0.244376 0.144376 0.174376 0.054376 -0.085624 -0.035624 -0.030865 0.25 -0.110865 0.084376 -0.075624 0.073511 -0.04 0.22 0.04 0.24 0.15 0.12 0.234376 -0.041248 -0.05 0.02 0.04 0.25 -0.06 0.18 0.094376 -0.1 0.21 -0.09 0 0.204376 -0.17 0.00437601 0.009135 -0.12 0.244376 0.06 -0.115624 0.268752 0.014376 0.03 0 0.2 0 -0.035624 0.18 -0.02 -0.115624 -0.11 0.114376 0.03 0.149135 0.028752 0.114376 -0.09 0 -0.03 0.203511 0.044376 0.16 -0.08 -0.06 0.253511 0.124376 0.084376 -0.125624 0.134376 -0.03 
92
-0.02 0.174376 0.243511 0.214376 -0.03 0.17 -0.01 0.134376 0.234376 0.199135 0.248752 -0.05 0 0.054376 -0.08 0.179135 -0.15 -0.03 -0.05 0.1 -0.09 0.09 0.01 0.02 0.304376 0.00437601 0.02 0.03 0.094376 0.2 -0.12 -0.095624 0.12 0.25 0.258752 -0.09 0.304376 -0.03 -0.075624 -0.09 -0.04 -0.12 0.094376 0.18 0.08 0.11 0.284376 0.214376 -0.006489 0 0.168752 0.11 -0.021248 -0.075624 -0.14 -0.075624 0.144376 -0.02 0.234376 -0.015624 0.158752 -0.05 0.03 0.104376 -0.02 0.06 -0.100865 0.064376 0.17 -0.15 0.07 -0.04 -0.07 -0.04 0.124376 0.21 -0.045624 0.044376 0.06 0.104376 0.194376 0.054376 -0.14 -0.06 0.114376 -0.03 0.05 0.084376 0.239135 -0.015624 0.214376 0.11 
92
-0.02 0.07 0.05 0.244376 -0.13 0.04 0.054376 -0.13 0.224376 -0.05 0.08 -0.015624 0.194376 -0.051248 -0.09 -0.110865 0.16 0.17 0.13 0.13 0.05 -0.18 -0.08 -0.09 -0.06 -0.03 0.09 0.05 0.283511 0.234376 -0.040865 0.08 -0.000865001 0.13 0.069135 0.01 0 -0.11 0.089135 0.094376 0.089135 0.044376 0.124376 0.02 0.168752 0.18 0.054376 0.024376 0.13 0.014376 0.00437601 -0.03 0.039135 0.094376 0.11 0.3 -0.16 0.07 0.04 -0.081248 -0.05 0.283511 0.164376 0.198752 0.154376 0.054376 -0.015624 0.034376 0.149135 -0.051248 0.22 -0.025624 0.02 0.084376 0.13 -0.035624 0.04 0.068752 0.12 0.01 0.164376 -0.095624 0.18 -0.00562399 0.094376 -0.00562399 -0.12 0.209135 0.214376 0.209135 -0.100865 0.03 
92
0.174376 0.2 -0.05 0.159135 0.08 0.15 0.019135 -0.09 0.294376 -0.025624 0.084376 0.04 -0.17 0.094376 0.244376 0.124376 0.194376 0.09 -0.04 0.13 0.19 -0.016489 -0.05 0.104376 0 0.173511 0 0.153511 0.01 0.174376 0.00875201 0.01 0.253511 0.14 -0.030865 0.074376 0.04 0.14 0.08 0.114376 -0.04 0.088752 -0.11 0.024376 0.22 -0.04 -0.025624 0.249135 0.308752 0.074376 0.254376 -0.13 0.22 -0.06 0.2 0.1 -0.065624 0.084376 -0.015624 0.08 -0.06 0.11 0.024376 -0.02 0.00875201 0.154376 0.109135 0.274376 0.09 0.104376 0.079135 0.239135 0.23 0.24 0.00437601 0.2 0.039135 0.204376 -0.09 0.114376 0.104376 -0.135624 0.188752 0.064376 0.034376 0.07 -0.085624 0 -0.015624 0.02 -0.09 0.07 
92
-0.016489 0.13 -0.065624 0.15 0.06 0.204376 0.144376 -0.15 0 0.049135 -0.17 -0.07 0.114376 0.164376 0.019135 -0.100865 0.113511 0.024376 0.15 -0.010865 0.05 0.114376 0.194376 -0.17 0.068752 0.24 0.21 0.13 0.198752 -0.18 0.084376 0.214376 0.233511 0.05 0.13 -0.02 0 -0.03 0.104376 -0.07 -0.11 0.16 0.06 0.154376 0.06 0.25 0.19 -0.00124799 0.144376 0.179135 0.02 -0.11 -0.02 0.03 0.05 -0.130865 0.02 0.03 0.149135 0.044376 0.08 0 -0.01 0 -0.045624 -0.045624 0.254376 0.18 0.2 0.184376 0.16 0.303511 0.14 0.054376 0.14 -0.02 0.098752 0.164376 0.174376 -0.12 0.21 0.014376 0.1 0.024376 0.294376 -0.006489 0.093511 0.14 0.168752 0.058752 -0.060865 -0.010865 
41
0.194376 0.15 -0.085624 -0.075624 0.25 -0.06 0.294376 0.204376 -0.18 -0.17 -0.120865 0.154376 0.02 0.19 -0.12 -0.050865 0.234376 -0.18 0.024376 0.144376 0.03 0.313511 -0.02 0.154376 -0.060865 0.11 -0.06 -0.081248 -0.15 0.02 -0.00562399 -0.075624 -0.035624 0.08 0.04 -0.04 0.223511 0.118752 -0.02 -0.14 0.084376 
41
0.084376 0.16 -0.015624 0.144376 -0.14 0.07 0.124376 0.01 -0.125624 0.08 0.19 -0.045624 0.268752 0.044376 0.084376 0.204376 -0.14 0.12 -0.015624 0.08 -0.11 0 0.14 0.11 0.184376 -0.03 0.15 0.078752 0.184376 0.164376 0.2 0.099135 0.203511 0.064376 -0.02 0.25 -0.09 0.244376 0.098752 -0.02 0.1 
41
0.11 0.164376 0.11 0.3 0.014376 0.069135 -0.11 -0.07 0.16 0.174376 0.014376 -0.04 0.243511 -0.075624 -0.025624 -0.095624 0.2 0.08 -0.14 0.11 0.16 0.204376 0.05 0.01 -0.066489 0.084376 0.074376 -0.06 -0.13 -0.125624 0.19 0.143511 0.13 0.23 0.16 -0.055624 0.133511 0.3 -0.035624 0.034376 0.19 
41
0.204376 0.134376 0.174376 0.174376 0.204376 -0.045624 0.174376 0.173511 -0.035624 0.164376 0.064376 -0.19 0 0.254376 -0.04 -0.130865 0.024376 0.05 -0.071248 0.12 0.049135 0.184376 0.17 0.1 0.16 0.16 -0.085624 0.16 0.05 0.04 0.1 -0.036489 -0.05 0.154376 -0.15 -0.03 0.254376 -0.1 -0.17 -0.085624 -0.17 
41
0.07 -0.00562399 0.118752 0.074376 0.05 0.074376 -0.085624 -0.16 0.22 -0.14 0.164376 0.144376 0.13 -0.1 0.00437601 0.16 0.014376 -0.06 -0.00562399 0.23 -0.035624 0.088752 0.02 -0.135624 0.16 0.14 0.263511 -0.115624 0.308752 -0.19 -0.14 0.11 0.089135 0.124376 0.06 -0.13 0.024376 0.1 -0.030865 -0.065624 0.2 
41
-0.045624 0.254376 0.03 0 0 0.02 0.303511 0.283511 0.15 -0.16 -0.065624 0.014376 -0.04 -0.015624 -0.03 -0.02 0.014376 0.093511 0.01 0.033511 0.22 0.054376 -0.13 0.124376 0.15 -0.06 -0.17 0.188752 0.13 -0.01 0.034376 0.234376 0.044376 -0.115624 0.15 -0.18 0.05 0.224376 0.19 -0.1 0.214376 
41
-0.06 0.164376 0.059135 0.074376 0.2 -0.135624 0.23 0.06 0.114376 -0.015624 0.104376 0.16 0.00437601 -0.03 0.199135 0.174376 0.134376 0.064376 0.059135 -0.1 -0.08 0.05 0.149135 -0.045624 0.088752 0.298752 0.283511 0.013511 0.17 0.05 -0.02 -0.04 0.254376 0.18 -0.135624 -0.015624 -0.076489 0.199135 0.14 0.02 0.009135 
41
0.12 0.11 0.17 0.18 0.178752 0.144376 0.19 -0.060865 -0.04 0.23 0.03 -0.135624 0.15 0.2 -0.01 0.23 0.17 0.274376 0.1 0.033511 -0.040865 -0.06 0 -0.1 -0.045624 0.13 -0.035624 -0.025624 0.09 -0.076489 0.263511 -0.04 0.12 0.12 0.074376 -0.06 0.08 0.08 0.154376 -0.16 0.01 
41
0.054376 -0.02 -0.09 0.108752 0.25 -0.16 -0.03 -0.095624 -0.125624 0.22 0.079135 0.098752 0.014376 0.228752 0.22 -0.08 0.01 -0.055624 -0.11 0 -0.035624 0.17 -0.075624 0.018752 -0.01 0.184376 0.19 0.25 0.11 -0.035624 0.014376 0.044376 0.14 0.14 0.19 0.14 -0.085624 -0.01 0.139135 0.058752 0.009135 
41
0.088752 0.19 0.244376 -0.045624 0.15 0.094376 0.144376 -0.08 0.129135 -0.00124799 -0.02 -0.01 0.14 0.08 -0.19 0.05 0.204376 0.254376 -0.07 -0.15 0.04 0.129135 0.144376 0.034376 0.134376 0 0.164376 -0.08 0.073511 -0.14 0.154376 0.194376 0.254376 0.224376 0.02 0.234376 0.00437601 -0.11 -0.105624 -0.125624 0.034376 
11
0.15 0.144376 0.00875201 0.114376 0.239135 0.14 0.113511 0.23 -0.045624 0.23 0.198752 
